Borough,Year,Month,Injury,Fatality,SeverityIndex,TotalIncidents
Bronx,2024,1,4,0,0.16666666666666666,4
Bronx,2024,2,2,0,0.1111111111111111,3
Bronx,2024,3,6,0,0.16666666666666666,6
Bronx,2024,4,6,0,0.14285714285714285,7
Bronx,2024,5,7,0,0.14583333333333331,8
Bronx,2024,6,9,1,0.23333333333333334,10
Bronx,2024,7,3,0,0.09999999999999999,5
Bronx,2024,8,7,0,0.12962962962962962,9
Bronx,2024,9,4,0,0.13333333333333333,5
Bronx,2024,10,4,0,0.16666666666666666,4
Bronx,2024,11,3,0,0.16666666666666666,3
Bronx,2024,12,2,0,0.08333333333333333,4
Bronx,2025,1,4,0,0.1111111111111111,6
Bronx,2025,2,1,1,0.3333333333333333,3
Bronx,2025,3,7,0,0.16666666666666666,7
Bronx,2025,4,5,0,0.13888888888888887,6
Bronx,2025,5,5,0,0.16666666666666666,5
Bronx,2025,6,1,0,0.08333333333333333,2
Bronx,2025,7,3,0,0.16666666666666666,3
Bronx,2025,8,6,0,0.16666666666666666,6
Bronx,2025,9,2,0,0.1111111111111111,3
Brooklyn,2024,1,19,0,0.13768115942028986,23
Brooklyn,2024,2,11,2,0.20588235294117646,17
Brooklyn,2024,3,18,0,0.13043478260869565,23
Brooklyn,2024,4,16,0,0.13333333333333333,20
Brooklyn,2024,5,11,0,0.0873015873015873,21
Brooklyn,2024,6,25,0,0.11904761904761903,35
Brooklyn,2024,7,20,0,0.1282051282051282,26
Brooklyn,2024,8,12,0,0.125,16
Brooklyn,2024,9,12,0,0.125,16
Brooklyn,2024,10,8,0,0.08333333333333333,16
Brooklyn,2024,11,7,0,0.11666666666666665,10
Brooklyn,2024,12,8,0,0.14814814814814814,9
Brooklyn,2025,1,8,1,0.21666666666666665,10
Brooklyn,2025,2,8,0,0.14814814814814814,9
Brooklyn,2025,3,8,0,0.1111111111111111,12
Brooklyn,2025,4,11,0,0.10784313725490195,17
Brooklyn,2025,5,5,0,0.09259259259259259,9
Brooklyn,2025,6,6,1,0.22916666666666666,8
Brooklyn,2025,7,6,0,0.09090909090909091,11
Brooklyn,2025,8,6,0,0.08333333333333333,12
Brooklyn,2025,9,3,1,0.26666666666666666,5
Manhattan,2024,1,18,0,0.15789473684210525,19
Manhattan,2024,2,18,0,0.15789473684210525,19
Manhattan,2024,3,22,0,0.16666666666666666,22
Manhattan,2024,4,24,0,0.13793103448275862,29
Manhattan,2024,5,20,0,0.1515151515151515,22
Manhattan,2024,6,18,0,0.15789473684210525,19
Manhattan,2024,7,14,1,0.18627450980392157,17
Manhattan,2024,8,16,0,0.14814814814814814,18
Manhattan,2024,9,14,0,0.1372549019607843,17
Manhattan,2024,10,15,1,0.196078431372549,17
Manhattan,2024,11,11,0,0.09166666666666666,20
Manhattan,2024,12,16,1,0.18421052631578946,19
Manhattan,2025,1,14,1,0.15079365079365079,21
Manhattan,2025,2,8,0,0.13333333333333333,10
Manhattan,2025,3,10,0,0.1282051282051282,13
Manhattan,2025,4,16,0,0.1568627450980392,17
Manhattan,2025,5,16,0,0.14814814814814814,18
Manhattan,2025,6,11,0,0.12222222222222222,15
Manhattan,2025,7,20,0,0.1515151515151515,22
Manhattan,2025,8,8,0,0.1212121212121212,11
Manhattan,2025,9,5,1,0.1851851851851852,9
Queens,2024,1,9,0,0.13636363636363635,11
Queens,2024,2,11,0,0.13095238095238096,14
Queens,2024,3,7,0,0.14583333333333331,8
Queens,2024,4,5,0,0.11904761904761904,7
Queens,2024,5,8,0,0.13333333333333333,10
Queens,2024,6,3,1,0.14814814814814814,9
Queens,2024,7,5,0,0.13888888888888887,6
Queens,2024,8,8,0,0.19047619047619047,7
Queens,2024,9,3,0,0.16666666666666666,3
Queens,2024,10,7,0,0.14583333333333331,8
Queens,2024,11,1,0,0.08333333333333333,2
Queens,2024,12,7,0,0.14583333333333331,8
Queens,2025,1,4,0,0.16666666666666666,4
Queens,2025,2,5,0,0.11904761904761904,7
Queens,2025,3,3,1,0.26666666666666666,5
Queens,2025,4,3,0,0.16666666666666666,3
Queens,2025,5,3,0,0.25,2
Queens,2025,6,2,0,0.1111111111111111,3
Queens,2025,7,5,1,0.2380952380952381,7
Queens,2025,8,7,0,0.12962962962962962,9
Queens,2025,9,2,0,0.1111111111111111,3
Staten Island,2024,4,0,0,0.0,2
Staten Island,2024,5,0,0,0.0,1
Staten Island,2024,6,0,0,0.0,2
Staten Island,2024,11,0,0,0.0,2
Staten Island,2025,2,0,0,0.0,1
Staten Island,2025,4,1,0,0.16666666666666666,1
Staten Island,2025,5,1,0,0.08333333333333333,2
Staten Island,2025,7,1,0,0.16666666666666666,1
Staten Island,2025,8,0,0,0.0,1
